File                  BW(nm)    Samples    Peak(W)     SWH(W)     Thresh     TF   ExtEvt   Bits
-----------------------------------------------------------------------------------------------
SABP0_1_1                  0       4096     534.48   194.5076   427.9167   2.75      271    271
SABP0_1_2                  0       4092       1.00     0.0093     0.0205 107.17       23     23
SABP0_2_1                  0       4096     978.54   165.2313   363.5088   5.92      263    263
SABP0_2_2                  0       4079       1.00     0.0236     0.0520  42.30       57     57
SABP0_3_1                  0       4096    1262.30   141.5575   311.4265   8.92      204    204
SABP0_3_2                  0       4083       1.00     0.0414     0.0910  24.17       93     93
SABP0_4_1                  0       4096     964.63   168.3730   370.4206   5.73      268    268
SABP0_4_2                  0       4080       1.00     0.0254     0.0560  39.31       87     87
SABP0_5_1                  0       4096    1109.65   157.2245   345.8940   7.06      237    237
SABP0_5_2                  0       4076       1.00     0.0329     0.0724  30.39      110    110
SABP0_6_1                  0       4096    1239.46   151.2534   332.7575   8.19      215    215
SABP0_6_2                  0       4082       1.00     0.0425     0.0936  23.51      125    125
SABP0_7_1                  0       4096    1025.89   166.4614   366.2150   6.16      259    259
SABP0_7_2                  0       4078       1.00     0.0310     0.0681  32.29      137    137
SABP0_8_1                  0       4096    1120.02   165.8119   364.7862   6.75      244    244
SABP0_8_2                  0       4083       1.00     0.0380     0.0836  26.31      150    150
SABP0_9_1                  0       4096    1899.39   193.6339   425.9947   9.81      234    234
SABP0_9_2                  0       4073       1.00     0.0541     0.1191  18.48      179    179
SABP10_1_1                10       4096    3585.68   531.9755  1170.3461   6.74      244    244
SABP10_1_2                10       4091       1.00     0.3298     0.7255   3.03       59     59
SABP10_1                  10       4096    3607.40   530.8040  1167.7687   6.80      243    243
SABP10_2_1                10       4096    3562.92   533.2532  1173.1570   6.68      246    246
SABP10_2_2                10       4093       1.00     0.3302     0.7265   3.03       61     61
SABP10_2                  10       4095       1.00     0.3281     0.7218   3.05       60     60
SABP10_3_1                10       4096    3539.95   534.6575  1176.2464   6.62      247    247
SABP10_3_2                10       4083       1.00     0.3315     0.7293   3.02       60     60
SABP10_4_1                10       4096    3517.50   535.7347  1178.6162   6.57      248    248
SABP10_4_2                10       4096       1.00     0.3327     0.7320   3.01       62     62
SABP10_5_1                10       4096    3494.73   536.8678  1181.1092   6.51      249    249
SABP10_5_2                10       4083       1.00     0.3366     0.7404   2.97       62     62
SABP10_6_1                10       4096    3468.50   538.1614  1183.9550   6.45      251    251
SABP10_6_2                10       4088       1.00     0.3370     0.7414   2.97       63     63
SABP10_7_1                10       4096    3446.66   539.1602  1186.1523   6.39      252    252
SABP10_7_2                10       4087       1.00     0.3411     0.7504   2.93       64     64
SABP10_8_1                10       4096    3422.11   540.3130  1188.6887   6.33      254    254
SABP10_8_2                10       4087       1.00     0.3442     0.7572   2.91       63     63
SABP10_9_1                10       4096    3396.18   541.5005  1191.3011   6.27      255    255
SABP10_9_2                10       4085       1.00     0.3461     0.7614   2.89       65     65
SABP11_1_1                11       4096    3345.91   543.7731  1196.3008   6.15      257    257
SABP11_1_2                11       4093       1.00     0.3523     0.7750   2.84       68     68
SABP11_1                  11       4096    3369.55   542.7160  1193.9752   6.21      256    256
SABP11_2_1                11       4096    3322.05   544.7881  1198.5338   6.10      259    259
SABP11_2_2                11       4091       1.00     0.3572     0.7859   2.80       68     68
SABP11_2                  11       4084       1.00     0.3488     0.7673   2.87       67     67
SABP11_3_1                11       4096    3294.83   545.9600  1201.1121   6.03      260    260
SABP11_3_2                11       4089       1.00     0.3599     0.7917   2.78       69     69
SABP11_4_1                11       4096    3272.40   546.9361  1203.2593   5.98      262    262
SABP11_4_2                11       4087       1.00     0.3654     0.8039   2.74       69     69
SABP11_5_1                11       4096    3246.74   548.2782  1206.2121   5.92      263    263
SABP11_5_2                11       4088       1.00     0.3691     0.8121   2.71       71     71
SABP11_6_1                11       4096    3222.09   549.3143  1208.4914   5.87      265    265
SABP11_6_2                11       4090       1.00     0.3730     0.8207   2.68       72     72
SABP11_7_1                11       4096    3193.13   550.4156  1210.9144   5.80      266    266
SABP11_7_2                11       4089       1.00     0.3765     0.8282   2.66       74     74
SABP11_8_1                11       4096    3170.83   551.2359  1212.7191   5.75      267    267
SABP11_8_2                11       4083       1.00     0.3829     0.8423   2.61       74     74
SABP11_9_1                11       4096    3146.34   552.2050  1214.8511   5.70      269    269
SABP11_9_2                11       4089       1.00     0.3875     0.8524   2.58       76     76
SABP12_1_1                12       4096    3094.80   554.1978  1219.2352   5.58      272    272
SABP12_1_2                12       4088       1.00     0.3963     0.8720   2.52       78     78
SABP12_1                  12       4096    3119.52   553.1678  1216.9691   5.64      270    270
SABP12_2_1                12       4096    2962.14   554.2995  1219.4590   5.34      304    304
SABP12_2_2                12       4096       1.00     0.1210     0.2663   8.26      241    241
SABP12_2                  12       4088       1.00     0.3912     0.8607   2.56       77     77
SABP12_3_1                12       4096    3859.60   566.4003  1246.0807   6.81      285    285
SABP12_3_2                12       4096       1.00     0.1473     0.3240   6.79      213    213
SABP12_4_1                12       4096    3020.70   556.9586  1225.3089   5.42      276    276
SABP12_4_2                12       4086       1.00     0.4092     0.9003   2.44       82     82
SABP12_5_1                12       4096    3239.57   561.2611  1234.7743   5.77      294    294
SABP12_5_2                12       4096       1.00     0.0937     0.2061  10.67      224    224
SABP12_6_1                12       4096    3496.43   566.9002  1247.1805   6.17      303    303
SABP12_6_2                12       4096       1.00     0.1182     0.2601   8.46      249    249
SABP12_7_1                12       4096    4008.88   574.4212  1263.7266   6.98      260    260
SABP12_7_2                12       4096       1.00     0.1248     0.2746   8.01      227    227
SABP12_8_1                12       4096    3159.68   544.8900  1198.7580   5.80      296    296
SABP12_8_2                12       4096       1.00     0.0959     0.2110  10.42      214    214
SABP12_9_1                12       4096    3342.63   562.6816  1237.8995   5.94      309    309
SABP12_9_2                12       4096       1.00     0.1219     0.2681   8.21      236    236
SABP13_1_1                13       4096    3078.47   539.4391  1186.7660   5.71      261    261
SABP13_1_2                13       4096       1.00     0.1370     0.3014   7.30      212    212
SABP13_1                  13       4096    3583.47   556.7011  1224.7424   6.44      319    319
SABP13_2_1                13       4096    3556.09   571.4106  1257.1033   6.22      276    276
SABP13_2_2                13       4096       1.00     0.0746     0.1642  13.40      180    180
SABP13_2                  13       4096       1.00     0.1204     0.2648   8.31      217    217
SABP13_3_1                13       4096    3403.41   565.8672  1244.9078   6.01      286    286
SABP13_3_2                13       4096       1.00     0.1636     0.3599   6.11      247    247
SABP13_4_1                13       4096    3448.31   580.0046  1276.0101   5.95      270    270
SABP13_4_2                13       4096       1.00     0.1262     0.2775   7.93      256    256
SABP13_5_1                13       4096    3195.19   572.4599  1259.4118   5.58      264    264
SABP13_5_2                13       4096       1.00     0.0731     0.1608  13.68      209    209
SABP13_6_1                13       4096    3689.09   567.9181  1249.4199   6.50      255    255
SABP13_6_2                13       4096       1.00     0.0838     0.1843  11.94      194    194
SABP13_7_1                13       4096    3714.86   592.3259  1303.1171   6.27      278    278
SABP13_7_2                13       4096       1.00     0.0797     0.1753  12.55      221    221
SABP13_8_1                13       4096    3063.72   572.4310  1259.3481   5.35      266    266
SABP13_8_2                13       4096       1.00     0.0992     0.2183  10.08      213    213
SABP13_9_1                13       4096    3531.25   567.5886  1248.6948   6.22      261    261
SABP13_9_2                13       4096       1.00     0.1429     0.3144   7.00      259    259
SABP14_1_1                14       4096    3101.79   568.4644  1250.6217   5.46      295    295
SABP14_1_2                14       4096       1.00     0.0987     0.2171  10.13      224    224
SABP14_1                  14       4096    2708.40   555.5224  1222.1493   4.88      312    312
SABP14_2_1                14       4096    2775.08   543.8732  1196.5210   5.10      301    301
SABP14_2_2                14       4096       1.00     0.1122     0.2467   8.92      232    232
SABP14_2                  14       4096       1.00     0.0845     0.1859  11.84      166    166
SABP14_3_1                14       4096    2919.72   565.1606  1243.3532   5.17      325    325
SABP14_3_2                14       4096       1.00     0.0617     0.1357  16.21      196    196
SABP14_4_1                14       4096    2835.40   551.8584  1214.0884   5.14      275    275
SABP14_4_2                14       4096       1.00     0.0810     0.1783  12.34      197    197
SABP14_5_1                14       4096    3049.09   580.1584  1276.3486   5.26      283    283
SABP14_5_2                14       4096       1.00     0.1289     0.2836   7.76      230    230
SABP14_6_1                14       4096    3831.72   557.9184  1227.4205   6.87      271    271
SABP14_6_2                14       4096       1.00     0.0808     0.1777  12.38      200    200
SABP14_7_1                14       4096    3782.71   593.2345  1305.1159   6.38      282    282
SABP14_7_2                14       4096       1.00     0.1303     0.2866   7.68      259    259
SABP14_8_1                14       4096    3349.01   583.9639  1284.7206   5.73      289    289
SABP14_8_2                14       4096       1.00     0.1074     0.2362   9.31      220    220
SABP14_9_1                14       4096    3572.01   576.5131  1268.3289   6.20      279    279
SABP14_9_2                14       4096       1.00     0.0953     0.2096  10.50      235    235
SABP15_1                  15       4096    3319.61   590.0450  1298.0989   5.63      274    274
SABP15_2                  15       4096       1.00     0.0743     0.1636  13.45      202    202
SABP1_1_1                  1       4096    1761.32   213.7493   470.2485   8.24      229    229
SABP1_1_2                  1       4084       1.00     0.0624     0.1373  16.02      196    196
SABP1_1                    1       4096    1969.21   193.6641   426.0610  10.17      226    226
SABP1_2_1                  1       4096    1815.66   215.2527   473.5560   8.43      227    227
SABP1_2_2                  1       4088       1.00     0.0851     0.1871  11.76      202    202
SABP1_2                    1       4082       1.00     0.0692     0.1523  14.44      187    187
SABP1_3_1                  1       4096    2233.68   207.7723   457.0990  10.75      170    170
SABP1_3_2                  1       4096       1.00     0.1330     0.2925   7.52      258    258
SABP1_4_1                  1       4096    2327.59   214.5073   471.9161  10.85      170    170
SABP1_4_2                  1       4096       1.00     0.1509     0.3320   6.63      269    269
SABP1_5_1                  1       4096    2434.29   225.4127   495.9080  10.80      170    170
SABP1_5_2                  1       4096       1.00     0.1706     0.3753   5.86      271    271
SABP1_6_1                  1       4096    1809.43   237.3445   522.1579   7.62      228    228
SABP1_6_2                  1       4096       1.00     0.0957     0.2105  10.45      218    218
SABP1_7_1                  1       4096    1858.31   242.0458   532.5007   7.68      229    229
SABP1_7_2                  1       4096       1.00     0.1081     0.2379   9.25      222    222
SABP1_8_1                  1       4096    1899.11   249.3275   548.5206   7.62      229    229
SABP1_8_2                  1       4096       1.00     0.1112     0.2447   8.99      228    228
SABP1_9_1                  1       4096    1943.48   258.2836   568.2238   7.52      232    232
SABP1_9_2                  1       4096       1.00     0.1189     0.2615   8.41      226    226
SABP2_1_1                  2       4096    1283.32   268.5793   590.8745   4.78      312    312
SABP2_1_2                  2       4096       1.00     0.0659     0.1450  15.17      205    205
SABP2_1                    2       4096    1980.78   268.3846   590.4461   7.38      237    237
SABP2_2_1                  2       4096    1561.85   275.4762   606.0476   5.67      283    283
SABP2_2_2                  2       4096       1.00     0.0870     0.1914  11.49      228    228
SABP2_2                    2       4096       1.00     0.1245     0.2739   8.03      226    226
SABP2_3_1                  2       4096    1280.52   277.2417   609.9318   4.62      317    317
SABP2_3_2                  2       4096       1.00     0.0632     0.1391  15.81      211    211
SABP2_4_1                  2       4096    1285.60   281.7137   619.7702   4.56      320    320
SABP2_4_2                  2       4096       1.00     0.0801     0.1762  12.49      217    217
SABP2_5_1                  2       4096    1599.63   300.2250   660.4949   5.33      294    294
SABP2_5_2                  2       4096       1.00     0.0895     0.1968  11.18      230    230
SABP2_6_1                  2       4096    1301.55   293.6472   646.0239   4.43      325    325
SABP2_6_2                  2       4096       1.00     0.0667     0.1467  15.00      228    228
SABP2_7_1                  2       4096    1269.48   299.4439   658.7766   4.24      327    327
SABP2_7_2                  2       4096       1.00     0.0590     0.1298  16.94      200    200
SABP2_8_1                  2       4096    1583.69   318.9530   701.6966   4.97      309    309
SABP2_8_2                  2       4096       1.00     0.0919     0.2022  10.88      218    218
SABP2_9_1                  2       4096    1961.12   337.3642   742.2013   5.81      279    279
SABP2_9_2                  2       4096       1.00     0.1124     0.2473   8.90      218    218
SABP3_1_1                  3       4096    2674.73   360.8670   793.9075   7.41      233    233
SABP3_1_2                  3       4096       1.00     0.1882     0.4140   5.31      263    263
SABP3_1                    3       4096    2733.18   355.5612   782.2346   7.69      229    229
SABP3_2_1                  3       4096    2652.93   365.6625   804.4574   7.26      236    236
SABP3_2_2                  3       4096       1.00     0.1880     0.4135   5.32      262    262
SABP3_2                    3       4096       1.00     0.1889     0.4156   5.29      262    262
SABP3_3_1                  3       4096    2632.36   370.0820   814.1803   7.11      238    238
SABP3_3_2                  3       4096       1.00     0.1890     0.4158   5.29      263    263
SABP3_4_1                  3       4096    2613.16   374.1842   823.2051   6.98      242    242
SABP3_4_2                  3       4096       1.00     0.1889     0.4155   5.29      261    261
SABP3_5_1                  3       4096    1860.45   363.2555   799.1621   5.12      300    300
SABP3_5_2                  3       4096       1.00     0.1153     0.2536   8.68      226    226
SABP3_6_1                  3       4096    2578.69   381.6637   839.6601   6.76      247    247
SABP3_6_2                  3       4096       1.00     0.1903     0.4187   5.25      265    265
SABP3_7_1                  3       4096    2563.12   385.1268   847.2790   6.66      251    251
SABP3_7_2                  3       4096       1.00     0.1906     0.4194   5.25      267    267
SABP3_8_1                  3       4096    4313.79   392.3479   863.1655  10.99      166    166
SABP3_8_2                  3       4096       1.00     0.4873     1.0721   2.05        0      0
SABP3_9_1                  3       4096    4299.67   396.1222   871.4688  10.85      168    168
SABP3_9_2                  3       4096       1.00     0.4898     1.0777   2.04        0      0
SABP4_1_1                  4       4096    2513.82   398.0129   875.6283   6.32      260    260
SABP4_1_2                  4       4096       1.00     0.1935     0.4258   5.17      274    274
SABP4_1                    4       4096    2525.34   394.9634   868.9195   6.39      258    258
SABP4_2_1                  4       4096    2503.22   401.0274   882.2602   6.24      262    262
SABP4_2_2                  4       4096       1.00     0.1939     0.4266   5.16      277    277
SABP4_2                    4       4096       1.00     0.1935     0.4257   5.17      277    277
SABP4_3_1                  4       4096    2492.84   403.9544   888.6998   6.17      264    264
SABP4_3_2                  4       4096       1.00     0.1933     0.4253   5.17      278    278
SABP4_4_1                  4       4096    2482.81   406.7875   894.9326   6.10      267    267
SABP4_4_2                  4       4096       1.00     0.1948     0.4285   5.13      276    276
SABP4_5_1                  4       4096    4240.82   417.3268   918.1189  10.16      177    177
SABP4_5_2                  4       4096       1.00     0.5026     1.1057   1.99        0      0
SABP4_6_1                  4       4096    2466.85   412.1592   906.7502   5.99      271    271
SABP4_6_2                  4       4096       1.00     0.1950     0.4289   5.13      276    276
SABP4_7_1                  4       4096    4226.93   424.0659   932.9449   9.97      180    180
SABP4_7_2                  4       4096       1.00     0.5063     1.1139   1.98        0      0
SABP4_8_1                  4       4096    4220.77   427.2568   939.9649   9.88      181    181
SABP4_8_2                  4       4096       1.00     0.5087     1.1190   1.97        0      0
SABP4_9_1                  4       4096    4216.12   430.7006   947.5414   9.79      183    183
SABP4_9_2                  4       4096       1.00     0.5103     1.1227   1.96        0      0
SABP5_1_1                  5       4096    4205.11   436.6805   960.6972   9.63      185    185
SABP5_1_2                  5       4096       1.00     0.5147     1.1324   1.94        0      0
SABP5_1                    5       4096    4208.87   433.4658   953.6247   9.71      184    184
SABP5_2_1                  5       4096    4200.18   439.5963   967.1119   9.55      186    186
SABP5_2_2                  5       4096       1.00     0.5153     1.1337   1.94        0      0
SABP5_2                    5       4096       1.00     0.5118     1.1260   1.95        0      0
SABP5_3_1                  5       4096    4193.95   442.5629   973.6383   9.48      188    188
SABP5_3_2                  5       4096       1.00     0.5156     1.1343   1.94        0      0
SABP5_4_1                  5       4096    4187.19   445.4807   980.0576   9.40      189    189
SABP5_4_2                  5       4096       1.00     0.5159     1.1349   1.94        0      0
SABP5_5_1                  5       4096    4181.15   448.2293   986.1044   9.33      190    190
SABP5_5_2                  5       4096       1.00     0.5159     1.1350   1.94        0      0
SABP5_6_1                  5       4096    4175.35   450.8726   991.9198   9.26      191    191
SABP5_6_2                  5       4096       1.00     0.5163     1.1358   1.94        0      0
SABP5_7_1                  5       4096    4169.06   453.4962   997.6917   9.19      193    193
SABP5_7_2                  5       4096       1.00     0.5170     1.1375   1.93        0      0
SABP5_8_1                  5       4096    4163.16   456.0916  1003.4014   9.13      194    194
SABP5_8_2                  5       4096       1.00     0.5179     1.1394   1.93        0      0
SABP5_9_1                  5       4096    4156.99   458.5965  1008.9122   9.06      195    195
SABP5_9_2                  5       4096       1.00     0.5192     1.1422   1.93        0      0
SABP6_1_1                  6       4096    4143.58   463.3351  1019.3371   8.94      197    197
SABP6_1_2                  6       4096       1.00     0.5224     1.1493   1.91        0      0
SABP6_1                    6       4096    4150.69   461.0759  1014.3670   9.00      197    197
SABP6_2_1                  6       4096    4137.25   465.7875  1024.7326   8.88      198    198
SABP6_2_2                  6       4096       1.00     0.5240     1.1529   1.91        0      0
SABP6_2                    6       4096       1.00     0.5206     1.1452   1.92        0      0
SABP6_3_1                  6       4096    4129.72   468.0424  1029.6933   8.82      199    199
SABP6_3_2                  6       4096       1.00     0.5249     1.1547   1.91        0      0
SABP6_4_1                  6       4096    4122.21   470.3463  1034.7619   8.76      201    201
SABP6_4_2                  6       4096       1.00     0.5260     1.1572   1.90        0      0
SABP6_5_1                  6       4096    4114.57   472.5997  1039.7193   8.71      202    202
SABP6_5_2                  6       4096       1.00     0.5263     1.1580   1.90        0      0
SABP6_6_1                  6       4096    4106.37   474.7246  1044.3940   8.65      203    203
SABP6_6_2                  6       4096       1.00     0.5266     1.1584   1.90        0      0
SABP6_7_1                  6       4096    4097.34   476.8149  1048.9927   8.59      204    204
SABP6_7_2                  6       4096       1.00     0.5265     1.1583   1.90        0      0
SABP6_8_1                  6       4096    4089.78   479.1459  1054.1209   8.54      205    205
SABP6_8_2                  6       4096       1.00     0.5270     1.1593   1.90        0      0
SABP6_9_1                  6       4096    4080.90   481.2577  1058.7670   8.48      207    207
SABP6_9_2                  6       4096       1.00     0.5267     1.1588   1.90        0      0
SABP7_1_1                  7       4096    4063.19   485.4847  1068.0664   8.37      209    209
SABP7_1_2                  7       4096       1.00     0.5272     1.1599   1.90        0      0
SABP7_1                    7       4096    4071.73   483.3379  1063.3433   8.42      208    208
SABP7_2_1                  7       4096    4053.34   487.5063  1072.5138   8.31      210    210
SABP7_2_2                  7       4096       1.00     0.5272     1.1599   1.90        0      0
SABP7_2                    7       4096       1.00     0.5263     1.1579   1.90        0      0
SABP7_3_1                  7       4096    4043.00   489.4660  1076.8252   8.26      211    211
SABP7_3_2                  7       4096       1.00     0.5274     1.1602   1.90        0      0
SABP7_4_1                  7       4096    4032.36   491.3943  1081.0675   8.21      212    212
SABP7_4_2                  7       4096       1.00     0.5271     1.1597   1.90        0      0
SABP7_5_1                  7       4096    4021.36   493.2587  1085.1692   8.15      214    214
SABP7_5_2                  7       4096       1.00     0.5184     1.1405   1.93        0      0
SABP7_6_1                  7       4096    4009.99   495.1160  1089.2552   8.10      215    215
SABP7_6_2                  7       4096       1.00     0.4993     1.0985   2.00        0      0
SABP7_7_1                  7       4096    3997.98   496.9101  1093.2023   8.05      215    215
SABP7_7_2                  7       4096       1.00     0.4814     1.0590   2.08        0      0
SABP7_8_1                  7       4096    3985.94   498.6771  1097.0897   7.99      217    217
SABP7_8_2                  7       4095       1.00     0.4649     1.0227   2.15        0      0
SABP7_9_1                  7       4096    3973.38   500.4557  1101.0025   7.94      217    217
SABP7_9_2                  7       4096       1.00     0.4492     0.9883   2.23        7      7
SABP8_1_1                  8       4096    3946.97   503.8608  1108.4939   7.83      220    220
SABP8_1_2                  8       4096       1.00     0.4218     0.9279   2.37       22     22
SABP8_1                    8       4096    3960.39   502.2371  1104.9217   7.89      218    218
SABP8_2_1                  8       4096    3932.70   505.4656  1112.0244   7.78      221    221
SABP8_2_2                  8       4096       1.00     0.4096     0.9011   2.44       29     29
SABP8_2                    8       4096       1.00     0.4347     0.9564   2.30       12     12
SABP8_3_1                  8       4096    3918.83   506.9599  1115.3117   7.73      222    222
SABP8_3_2                  8       4096       1.00     0.3993     0.8785   2.50       34     34
SABP8_4_1                  8       4096    3904.08   508.7387  1119.2252   7.67      224    224
SABP8_4_2                  8       4096       1.00     0.3884     0.8545   2.57       38     38
SABP8_5_1                  8       4096    3889.07   510.2061  1122.4534   7.62      225    225
SABP8_5_2                  8       4090       1.00     0.3804     0.8369   2.63       42     42
SABP8_6_1                  8       4096    3873.46   511.7955  1125.9502   7.57      225    225
SABP8_6_2                  8       4096       1.00     0.3714     0.8171   2.69       44     44
SABP8_7_1                  8       4095    3857.32   513.4225  1129.5296   7.51      227    227
SABP8_7_2                  8       4096       1.00     0.3635     0.7997   2.75       46     46
SABP8_8_1                  8       4096    3841.90   514.9381  1132.8638   7.46      228    228
SABP8_8_2                  8       4092       1.00     0.3579     0.7874   2.79       49     49
SABP8_9_1                  8       4096    3824.70   516.4076  1136.0966   7.41      229    229
SABP8_9_2                  8       4094       1.00     0.3519     0.7743   2.84       50     50
SABP9_1_1                  9       4096    3789.30   519.1667  1142.1667   7.30      231    231
SABP9_1_2                  9       4095       1.00     0.3426     0.7537   2.92       53     53
SABP9_1                    9       4096    3807.09   517.8402  1139.2484   7.35      230    230
SABP9_2_1                  9       4096    3770.90   520.5652  1145.2435   7.24      233    233
SABP9_2_2                  9       4096       1.00     0.3389     0.7455   2.95       53     53
SABP9_2                    9       4096       1.00     0.3465     0.7624   2.89       51     51
SABP9_3_1                  9       4096    3751.61   521.9228  1148.2302   7.19      234    234
SABP9_3_2                  9       4087       1.00     0.3361     0.7395   2.97       55     55
SABP9_4_1                  9       4096    3732.64   523.1687  1150.9711   7.13      235    235
SABP9_4_2                  9       4093       1.00     0.3337     0.7341   3.00       55     55
SABP9_5_1                  9       4096    3712.28   524.5597  1154.0313   7.08      236    236
SABP9_5_2                  9       4092       1.00     0.3311     0.7284   3.02       56     56
SABP9_6_1                  9       4096    3691.62   525.7707  1156.6956   7.02      238    238
SABP9_6_2                  9       4092       1.00     0.3300     0.7259   3.03       56     56
SABP9_7_1                  9       4096    3671.93   527.0156  1159.4342   6.97      239    239
SABP9_7_2                  9       4096       1.00     0.3291     0.7240   3.04       58     58
SABP9_8_1                  9       4096    3650.05   528.3621  1162.3966   6.91      240    240
SABP9_8_2                  9       4092       1.00     0.3278     0.7211   3.05       59     59
SABP9_9_1                  9       4096    3629.36   529.5279  1164.9614   6.85      241    241
SABP9_9_2                  9       4092       1.00     0.3284     0.7226   3.04       59     59
